3535
1790
2455
3002
3692
545
3039
569
3675
5107
859
2382
1133
1420
2746
2652
5360
47
1854
1048
2520
4076
1926
4883
4419
3162
423
4297
1659
2745
2102
5470
1734
168
722
2672
5092
4591
2795
2905
3588
2568
2636
56
995
3179
4261
1546
2280
2841
3251
3806
631
2317
2645
2231
1306
2160
3363
5124
5383
4415
1514
390
2887
4603
2242
3012
4757
1802
3929
4624
5399
3081
3872
1421
4566
1679
486
4836
2517
1560
939
3482
2330
5332
2307
4286
3440
3783
4693
1084
1398
3333
1689
779
5280
3996
4427
4523
2707
2322
879
5018
4868
2272
4948
959
3733
73
2492
2545
465
2097
147
5020
459
2161
1915
1312
2552
2211
4617
2162
3141
5444
5140
144
834
4524
1215
4864
1302
4680
2290
430
824
3035
4478
4837
3853
160
2460
4618
1720
2977
1019
2418
2808
773
1981
2827
331
3378
3163
3701
5328
2259
2950
4402
873
178
4385
1460
3606
419
1428
2784
4817
1089
5011
4990
2923
4533
5054
5451
3359
5326
481
5305
3874
2030
1344
3679
3017
3492
4448
441
4511
3265
2519
4748
958
5477
1179
3224
1097
2086
1526
539
195
3528
2696
2516
5075
4473
568
81
644
693
4937
1417
4865
1626
1145
2594
2370
3314
5387
1571
4934
1180
1
4118
922
594
3515
1742
3279
1057
4911
451
3961
527
1107
2346
2016
659
1143
2394
1692
3639
3774
1022
1791
2936
3487
1830
2454
1169
4986
5100
4504
4848
608
3350
3413
4780
4260
4518
199
1329
4429
4951
2870
2276
4430
1690
3218
17
4101
2218
183
2128
3756
4491
2752
3906
1777
2639
4254
4741
547
2339
4664
4184
358
309
864
4721
3905
4394
2120
2358
2022
3502
2912
1191
1151
1274
2791
942
5017
16
1596
4847
5073
3758
3114
2393
2209
2263
4275
1818
5422
4079
1853
2720
2009
2277
2219
980
389
2223
4403
2482
3975
1794
3261
4861
1822
3876
3547
4920
5370
5044
1491
1269
4269
4027
2558
2765
4509
2088
5217
1453
448
986
1127
634
3833
5093
2957
3943
5343
2526
3922
5113
593
620
3046
1063
5455
3042
2135
3239
2546
4505
1164
804
721
5353
60
663
2305
3519
327
1754
1441
2424
4975
114
3714
2306
2377
1440
623
3529
4697
1074
1008
2462
720
1356
2060
5456
1967
4486
2065
4019
3641
4020
1124
548
3254
1028
2139
4750
2423
4568
2104
1647
561
3096
165
5461
2853
3792
2945
281
1904
3671
745
4679
2582
2316
4221
1071
5058
4593
4778
841
3001
4913
442
3488
4944
3687
1907
4236
3570
2495
3167
3567
918
1213
3811
4851
2224
45
1318
4687
208
2626
5199
2237
948
1922
3453
3244
1431
4208
1307
599
3987
5465
3684
3448
1586
2848
2064
2896
537
4036
3763
2493
3885
2328
3625
4345
70
2281
5074
4512
5282
5235
2833
424
1349
733
3893
1208
933
3749
1515
600
4815
4077
2836
3530
2496
1367
552
4503
2629
4682
4023
4346
167
2499
3826
3270
1041
3087
3425
3593
648
3329
2907
665
4068
3920
185
617
34
1472
3702
4178
2828
2932
5453
1942
3045
1380
4685
4265
2167
862
1045
714
24
2195
4620
4793
1964
4548
4163
4838
2609
1437
4149
1308
30
302
3221
1250
602
2713
3170
3345
2084
5331
2979
4952
3578
4530
1801
2712
158
193
2141
3281
3216
5486
5419
2426
4205
2210
2021
523
1631
966
3438
4005
207
402
3847
967
3850
4395
3612
354
3642
4765
509
2235
1446
740
5033
4977
307
1976
1293
2287
4218
1918
662
3967
5209
5069
725
660
2010
4723
5056
2600
2740
3648
4064
635
5139
955
5064
680
901
3953
2882
2553
526
2778
2286
1092
2668
2845
4703
66
1943
825
4217
1670
151
2054
1486
1364
5001
1816
1844
1275
2814
2941
1046
4755
1210
3910
1547
1744
532
880
2771
2369
1131
5198
2159
1212
881
4715
3859
835
3898
1706
472
1011
2650
5022
2140
3014
242
2704
707
4616
2335
1680
4776
3203
3200
4400
1669
921
3735
1509
4636
2527
1814
1934
2729
590
5471
3533
2759
3586
5203
555
1053
2596
1838
5254
776
364
5224
3307
3311
220
3899
1294
1247
273
3428
3501
196
5425
4034
153
3227
846
4860
5397
517
5410
798
928
4642
2411
200
3471
4263
2398
3111
2274
1494
529
1988
4247
5242
3435
4185
5182
4464
2261
739
5232
936
696
1539
806
4959
1434
982
2521
329
1875
5131
4349
3293
2621
800
2971
742
290
4481
3681
4816
3598
2939
1442
3698
5157
489
5176
2787
929
1466
4541
415
666
5119
89
3518
1993
4343
854
2080
4177
363
1584
4128
3099
3393
5055
4924
3382
1678
2986
2743
1705
1989
4162
3753
2768
1638
204
5429
5374
838
2174
924
1765
2981
1476
131
1243
3174
587
5474
270
2014
1654
4529
3050
1147
5358
1661
3537
4586
2671
1173
3332
2422
2570
1591
2507
4404
44
3527
3436
4443
2611
1817
5222
3662
5460
1136
1623
1109
691
882
2983
2762
5010
3182
503
1871
1256
4770
3352
278
2172
5270
1557
4665
2078
2288
5192
4666
134
3054
3760
1113
2090
2332
647
1018
1262
565
148
4125
3341
554
3278
4536
5490
4907
2547
4193
4207
3286
388
4194
3700
1701
3554
5125
1658
4774
2356
4893
1051
1786
429
5080
1950
5169
615
1052
1628
2215
5396
3272
4871
2320
4571
3669
1604
575
319
907
353
1013
625
3249
74
671
4667
2166
3074
3452
2149
4135
750
2990
341
3766
2469
1576
2435
2919
1273
641
3416
3590
727
4004
4885
3401
4289
2634
4229
1849
3927
2063
1361
1738
4130
3623
4912
1588
1798
3797
1700
5180
851
4106
582
2975
5178
4308
2119
5132
2644
1839
4323
807
5302
3451
3047
3940
4594
4788
5412
1704
1535
5141
4037
3330
904
1980
1170
2632
4915
4256
3805
3237
4538
4925
3120
5162
5031
4497
4277
3095
3984
4466
685
4080
5406
233
305
4804
2601
4938
4598
994
4152
4839
4381
4904
4
4444
5376
764
3339
3938
787
385
1923
1099
4875
1039
908
5156
3138
2145
2366
4676
1860
337
4628
2186
4122
2702
3873
2115
5045
975
4041
4887
3253
3467
5186
1286
3562
4383
4800
5316
249
2457
5349
734
1177
2400
4468
427
381
4070
3349
2988
2633
3328
4440
1411
1363
860
4100
2569
1780
562
5417
2380
4296
4946
2536
5094
4575
2357
1938
3971
2378
1171
466
2884
5150
4813
5057
3912
4326
3377
845
209
3798
5029
184
4531
414
2813
4557
926
1009
166
4601
3676
4380
2599
4150
4336
1712
1947
1936
3093
522
2773
3886
1787
3085
373
1778
571
3900
1487
5266
3463
3240
5243
3088
1003
2867
4065
3932
3236
112
4180
182
4829
2275
5247
2807
1178
3198
38
157
5369
4807
246
2614
805
1066
2238
4756
1809
2993
2157
2590
3327
4033
1544
4104
816
2877
3721
5129
3614
4652
551
3730
4136
173
4241
1043
606
42
3127
5352
621
3479
4787
2750
1569
4744
2114
1524
4727
4639
3233
875
557
3315
8
3549
3477
3474
2208
2717
3021
2893
3584
4266
1513
3136
4142
2354
387
4960
1772
819
3835
4647
3361
2193
5441
5138
1345
4583
2444
2533
366
2062
4552
2790
953
893
1774
3301
747
2417
5158
1919
4713
1702
5414
3823
4091
2738
5269
1387
788
322
925
3005
276
2229
1636
2677
3128
2956
4219
1579
4190
4863
5210
5338
4204
1468
5062
1718
1580
1799
682
570
3771
5296
4573
4964
2767
1152
2236
4322
104
3659
4751
455
3991
4434
4137
3424
3196
226
4044
2015
5118
4166
2834
123
1856
2716
101
2109
4344
3585
743
1696
4892
3767
3247
4375
2146
1644
2770
957
2461
3827
3098
5076
4696
3480
977
1751
68
827
652
2531
3777
2886
3092
3591
1081
2196
3522
2450
3365
2849
1352
2034
433
102
382
1536
1149
3353
5356
4482
5354
2916
3632
2758
1640
3908
3830
3879
542
1454
5372
3145
684
4151
403
4202
475
2152
135
3420
491
2839
4399
1452
2835
3024
4973
5111
5250
1181
4729
198
2604
866
3282
1834
238
996
2673
2475
4224
1085
1931
1686
2700
589
2056
3697
728
1985
310
3921
3022
2574
5195
384
3757
3408
1064
934
5172
3091
3284
5077
4634
4315
1279
3723
1153
4209
3381
1036
5468
790
4695
3564
2871
3677
2491
438
4267
1359
632
2976
1637
3838
2410
1049
1731
3666
2910
2620
4819
2
4673
1972
4918
580
3177
1545
5431
4350
2560
3866
4333
3818
5144
738
614
715
139
3496
3388
1368
4058
4884
2074
468
1228
1803
5492
766
2077
4281
3172
3406
1203
5366
2998
2612
2984
4231
3159
1478
1263
3595
2436
2282
1760
2476
2103
2628
3633
3810
3904
3130
4578
4602
792
3802
4183
5079
4189
3786
4067
2756
405
3125
4087
4550
2615
3934
4901
4795
2464
4967
1610
1029
530
4120
3791
5004
2036
4453
4923
3209
2249
4739
1056
5378
1457
3309
3754
1338
3389
4230
4840
265
630
2909
581
2774
2293
4072
4599
1997
2386
5103
1655
1021
71
1550
3686
3166
2331
1414
2420
1058
4039
1845
1087
1455
1002
2151
4138
3423
1714
560
1209
1909
849
4043
1958
62
793
4763
1176
2439
5175
4382
1627
1994
783
2686
5035
4088
3262
3437
1449
5012
4589
4662
2967
3228
2556
4310
3023
257
3369
103
1885
1185
809
298
4357
5009
3165
4734
1407
5227
752
3821
2185
4259
3132
1709
4406
4732
1880
2127
1462
162
4363
3080
37
1646
3916
506
3157
668
1523
3459
1439
694
128
5291
2164
4353
1217
1456
1965
2655
476
3844
2365
5494
1451
299
2147
1299
5184
1298
855
869
2269
300
550
4283
2524
1062
316
3427
3357
713
2153
2201
1333
1747
1444
2171
4001
3421
968
3538
2251
3443
4107
4197
3933
3620
412
2046
1024
3135
1555
4341
970
3210
2214
3483
3404
5290
5384
1520
4881
5287
689
935
1310
5166
203
3318
1611
3486
2595
1616
2811
754
5405
5277
2992
830
3445
1183
563
876
710
2777
612
1517
406
1570
5002
4170
5006
605
142
1144
1506
3917
4292
1592
2207
4921
4131
5230
2076
974
2246
5320
4024
692
1534
2723
4013
3930
2937
95
1824
3772
1606
626
1564
2490
237
4211
4031
861
1337
3117
248
1463
2459
4686
4111
3985
2528
218
4460
5452
917
4459
2694
1879
3374
1295
3887
4092
283
4569
1498
1752
3400
5225
2364
4722
3897
1601
2631
297
2484
1469
991
4483
3484
3745
4007
518
4587
1755
4075
1518
1130
4258
3044
595
437
3727
2117
1242
2906
2576
1206
4252
4114
391
432
910
3986
330
1103
3446
709
1653
3461
549
3983
3192
1888
3109
4532
362
3403
746
2579
3246
5013
4896
4821
1108
1059
4379
4969
4228
4179
4470
1100
1725
5495
2085
1998
4716
48
1465
1776
2343
5248
3072
3280
1757
258
3580
4833
3619
4534
1480
5420
5154
77
4438
4334
452
2312
2879
1304
397
4439
4749
674
886
976
3337
4806
3089
2142
3077
3212
5226
2830
3551
730
2670
1025
119
3033
4754
4689
1863
4099
1125
2132
700
2874
3411
5147
435
3398
2815
828
3842
5265
2978
3728
3729
61
2165
3688
3854
814
4764
4611
2073
4730
2880
4112
5201
3646
3323
3794
5185
5393
3176
5122
3379
4683
1502
3673
4121
2006
990
4514
1561
282
705
474
1077
4500
2587
3466
5081
1496
572
5137
155
5036
1645
905
868
5364
5171
4490
3589
2540
2591
4181
931
1061
5362
4606
4369
219
105
2333
5206
428
4954
601
871
2126
5200
2026
2684
1944
1635
5047
1406
3725
1851
1657
1549
4214
355
1020
2580
3267
5298
4876
1485
1252
2944
3883
1758
2710
1565
1340
628
1716
4055
5155
3738
2052
3373
4416
1609
3877
5097
3637
1804
1211
2854
1268
2301
3548
1953
1342
4623
5019
1882
288
1951
3110
2098
4803
4843
2792
5297
5257
4016
2708
2262
4724
5196
3710
464
4169
3503
5007
295
3152
3090
2888
515
5408
2270
3118
4558
3517
3276
5388
4830
4487
1806
2660
2408
146
5246
4640
3083
2537
3306
3994
3556
1117
3931
2095
2108
3402
4658
1096
3124
5432
205
4880
82
3759
2651
431
1800
579
496
3255
4991
3181
3263
1410
1893
1073
2942
4866
1419
3010
4238
3691
96
1908
4506
3499
1249
2452
2498
2314
837
524
1897
1756
223
3344
2724
149
2187
1445
1687
2041
483
4834
2372
213
4822
499
2667
1278
1621
393
1762
2429
3902
4828
4160
3020
2024
7
1530
5016
1793
1957
3661
4330
2474
2038
5145
2028
4390
4555
4235
4084
592
4626
3460
3385
3913
188
399
2657
2007
3602
5072
751
5435
541
950
1843
1464
4140
1862
4048
1394
1366
2390
3392
4222
2924
2691
2348
1740
5244
520
1026
4431
5046
5318
826
4983
5472
1959
3235
2840
3587
4493
2968
5143
400
1905
312
5398
4799
4123
4970
3780
2308
1805
678
3680
3808
4605
3232
138
2445
895
1881
289
3465
5489
3038
946
2035
2434
2430
4831
3107
3660
1912
4942
1929
2753
130
1246
912
1618
311
4489
5283
462
3718
1600
4572
5067
5361
2665
5146
2425
4872
336
1283
2994
2003
1935
120
1643
2478
227
502
930
3693
202
2785
3541
3071
4386
3215
2299
4932
2866
2894
2082
5042
3375
1499
5276
3952
259
2850
3741
646
379
2685
2980
3324
3139
591
3998
1540
4551
2539
2385
169
3843
3051
2324
4239
2341
5466
4083
2608
4212
658
4158
4469
1309
228
4089
2728
3788
4656
4576
4631
4691
4479
4947
3189
3491
4910
2255
4604
236
3248
0
972
3458
3858
2597
2873
4274
4455
3655
2970
35
4808
52
4968
5336
4422
401
5028
225
361
422
3513
1878
2245
2963
3472
2902
4245
5437
4174
2503
1727
1966
3974
867
3825
3297
2254
454
5479
5284
4144
3173
2480
2718
1698
469
4412
4596
4743
4926
3104
1598
2679
4849
2757
1232
4963
4621
507
2479
3464
2776
478
3407
2278
1315
3201
3534
2487
2505
1577
4060
4025
4110
3573
3880
5303
3707
3561
4165
3426
2300
3143
2690
2892
4671
4791
1192
3964
5095
4127
1662
3225
870
1891
446
3506
3133
5188
3664
2624
3658
4171
272
1091
1034
3875
2202
702
1174
4585
3521
831
3949
1012
1501
360
1898
4988
3717
2506
2066
332
892
4168
4418
2693
2123
664
5473
1390
915
4454
3497
3713
1078
3106
5315
5261
4449
443
445
1573
2271
4141
4725
4971
1095
26
2228
5117
2858
4717
1683
3803
2823
1194
4499
4979
2107
4560
576
3414
4061
2592
3326
1512
2392
5263
328
23
1624
1949
4293
3936
3748
3468
1832
1239
69
4300
2692
2917
4187
1999
57
2797
2388
2793
2342
2105
1884
1556
4191
669
1593
5400
4508
4195
3957
3978
2786
122
4176
1578
3146
4941
2144
2934
1350
1418
3191
4660
2617
4677
4783
960
3285
5433
4747
3704
3067
4882
4728
3164
1423
1128
4565
3245
2443
3976
1808
4268
3846
2421
636
2664
3839
3346
83
1788
2640
789
2722
802
781
4250
2618
365
4894
2763
4663
3657
4339
919
3605
5190
4361
5021
697
5355
3043
5193
420
1982
2719
3073
815
1505
1961
232
5052
4299
5483
2093
2241
41
863
1301
3665
3814
3405
1037
1238
1652
113
2179
304
2921
3558
5375
5348
3202
49
1317
2502
712
794
3226
2747
2442
4651
3185
3213
947
1033
3995
1699
3084
4495
1492
4940
5288
3384
1140
5363
4957
1200
1138
2089
91
969
2817
4047
1743
4348
698
2345
4878
2177
3890
3960
588
2709
5153
5024
3939
2334
772
3126
2183
453
3955
2802
1135
1088
4321
1076
3178
1244
5133
2648
3115
5480
3075
3574
5359
1214
335
1937
992
3572
3565
4994
84
567
3546
277
100
940
4842
1785
4389
1381
2321
2598
5415
1812
749
4232
3608
2008
2483
1400
695
98
2230
3168
1902
604
3320
1357
471
4526
4997
2734
4022
1859
2903
5450
244
3829
5418
853
5134
3194
5344
836
758
2389
383
1567
5219
4874
294
2058
1615
2004
1782
3690
3882
2326
5063
1764
818
4203
2352
4521
2658
716
898
4933
1094
5365
333
3049
313
3968
4984
3076
380
4367
1067
2865
374
1991
3709
803
1671
1405
3824
349
3571
2042
1771
3762
1625
5233
5394
3820
1313
1553
2067
1184
121
1921
5424
3015
4437
2952
4545
2572
2233
1603
4905
